graphStuff\smallDots\mmu_filtering_dot\Citrate_cycle.dot
2 , 2 , 63 , 94 , 4.17903470993042
2 , 6 , 63 , 97 , 4.044092416763306
2 , 0 , 63 , 99 , 4.188695669174194
2 , 0 , 63 , 98 , 4.495715141296387
2 , 0 , 63 , 96 , 4.750169038772583
7 , 7 , 63 , 92 , 5.552597522735596
7 , 6 , 63 , 88 , 5.140323877334595
7 , 6 , 63 , 88 , 5.265151500701904
7 , 3 , 63 , 87 , 5.466948986053467
7 , 4 , 63 , 89 , 4.983854293823242
12 , 6 , 63 , 83 , 6.480186223983765
12 , 5 , 63 , 81 , 6.080733299255371
12 , 5 , 63 , 80 , 6.042333364486694
12 , 4 , 63 , 81 , 6.012821435928345
12 , 2 , 63 , 81 , 5.89848780632019
17 , 2 , 63 , 71 , 6.176598072052002
17 , 2 , 63 , 74 , 6.6672563552856445
17 , 2 , 63 , 72 , 6.738539457321167
17 , 2 , 63 , 72 , 6.794500827789307
17 , 2 , 63 , 73 , 7.064018964767456
graphStuff\smallDots\mmu_filtering_dot\Galactose.dot
2 , 1 , 69 , 104 , 5.709997177124023
2 , 12 , 69 , 104 , 5.274634599685669
2 , 12 , 69 , 102 , 6.358398199081421
2 , 13 , 69 , 103 , 5.935065746307373
2 , 11 , 69 , 104 , 5.837136507034302
7 , 13 , 69 , 99 , 6.840130090713501
7 , 13 , 69 , 91 , 7.597415208816528
7 , 8 , 69 , 102 , 8.104010820388794
7 , 12 , 69 , 94 , 7.526856899261475
7 , 9 , 69 , 100 , 7.267793416976929
12 , 13 , 69 , 86 , 7.941786766052246
12 , 9 , 69 , 96 , 7.895867586135864
12 , 11 , 69 , 96 , 8.212211847305298
12 , 11 , 69 , 87 , 7.480175256729126
12 , 13 , 69 , 95 , 8.284851312637329
17 , 6 , 69 , 97 , 8.540983200073242
17 , 8 , 69 , 96 , 9.324920177459717
17 , 8 , 69 , 82 , 8.454195737838745
17 , 8 , 69 , 87 , 8.42163610458374
17 , 4 , 69 , 89 , 8.813779354095459
22 , 3 , 69 , 83 , 8.771692991256714
22 , 3 , 69 , 85 , 9.166951179504395
22 , 3 , 69 , 84 , 8.613209009170532
22 , 3 , 69 , 82 , 9.265053510665894
22 , 3 , 69 , 84 , 8.978774070739746
graphStuff\smallDots\mmu_filtering_dot\Glycerolipid.dot
2 , 0 , 50 , 78 , 2.864640235900879
2 , 0 , 50 , 77 , 2.9358720779418945
2 , 1 , 50 , 75 , 3.2961034774780273
2 , 1 , 50 , 78 , 3.5214617252349854
2 , 0 , 50 , 79 , 3.0528807640075684
7 , 4 , 50 , 70 , 3.6239848136901855
7 , 2 , 50 , 74 , 3.4000940322875977
7 , 1 , 50 , 73 , 3.813659191131592
7 , 5 , 50 , 63 , 3.298002004623413
7 , 0 , 50 , 73 , 3.482116460800171
12 , 0 , 50 , 55 , 3.6620519161224365
12 , 1 , 50 , 56 , 3.8224024772644043
12 , 1 , 50 , 57 , 3.5828075408935547
12 , 1 , 50 , 58 , 3.97446346282959
12 , 0 , 50 , 55 , 3.5657966136932373
graphStuff\smallDots\mmu_filtering_dot\Glycine_serine_threonine.dot
2 , 2 , 110 , 164 , 10.76570200920105
2 , 4 , 110 , 164 , 12.298325300216675
2 , 5 , 110 , 165 , 11.586378574371338
2 , 5 , 110 , 165 , 11.441439151763916
2 , 0 , 110 , 165 , 10.844008684158325
7 , 8 , 110 , 158 , 12.479308843612671
7 , 5 , 110 , 157 , 13.313687324523926
7 , 6 , 110 , 164 , 12.281830310821533
7 , 9 , 110 , 159 , 12.212827920913696
7 , 4 , 110 , 160 , 12.926762104034424
12 , 12 , 110 , 145 , 14.384202718734741
12 , 11 , 110 , 149 , 14.080029487609863
12 , 16 , 110 , 145 , 14.992661237716675
12 , 15 , 110 , 147 , 15.064592361450195
12 , 18 , 110 , 147 , 15.425315618515015
17 , 10 , 110 , 143 , 14.86676812171936
17 , 9 , 110 , 146 , 14.30508828163147
17 , 9 , 110 , 148 , 15.145834922790527
17 , 9 , 110 , 149 , 14.703112840652466
17 , 10 , 110 , 143 , 15.04189395904541
22 , 6 , 110 , 144 , 16.37232542037964
22 , 6 , 110 , 135 , 15.283149242401123
22 , 8 , 110 , 136 , 15.904814720153809
22 , 9 , 110 , 139 , 16.122522592544556
22 , 8 , 110 , 139 , 16.589330196380615
27 , 4 , 110 , 130 , 16.23389983177185
27 , 3 , 110 , 132 , 16.68143320083618
27 , 4 , 110 , 135 , 16.969218492507935
27 , 4 , 110 , 132 , 16.92927122116089
27 , 1 , 110 , 135 , 16.534785509109497
graphStuff\smallDots\mmu_filtering_dot\Pentose_phosphate.dot
2 , 1 , 67 , 103 , 5.954353094100952
2 , 2 , 67 , 99 , 7.071094512939453
2 , 0 , 67 , 102 , 6.306259632110596
2 , 0 , 67 , 101 , 6.193049907684326
2 , 4 , 67 , 98 , 6.34861946105957
7 , 4 , 67 , 93 , 6.984458684921265
7 , 6 , 67 , 91 , 7.747715950012207
7 , 3 , 67 , 97 , 7.444333076477051
7 , 1 , 67 , 94 , 7.01832914352417
7 , 4 , 67 , 94 , 7.925556659698486
12 , 3 , 67 , 87 , 7.901599884033203
12 , 2 , 67 , 84 , 7.726280927658081
12 , 8 , 67 , 82 , 8.290415525436401
12 , 4 , 67 , 86 , 8.164604187011719
12 , 2 , 67 , 93 , 8.178622007369995
17 , 3 , 67 , 81 , 8.755722522735596
17 , 3 , 67 , 77 , 8.430201768875122
17 , 3 , 67 , 82 , 8.408872365951538
17 , 3 , 67 , 79 , 8.327100992202759
17 , 3 , 67 , 80 , 8.355452537536621
graphStuff\smallDots\mmu_filtering_dot\Purine.dot
2 , 4 , 234 , 386 , 53.90312886238098
2 , 22 , 234 , 384 , 60.30249762535095
2 , 6 , 234 , 383 , 57.86729049682617
2 , 3 , 234 , 380 , 57.028252363204956
2 , 1 , 234 , 386 , 56.21429944038391
7 , 23 , 234 , 379 , 63.42074942588806
7 , 17 , 234 , 383 , 59.37779641151428
7 , 10 , 234 , 383 , 62.38182997703552
7 , 27 , 234 , 379 , 62.424097299575806
7 , 20 , 234 , 379 , 61.24857687950134
12 , 20 , 234 , 377 , 64.38864731788635
12 , 20 , 234 , 370 , 69.23652052879333
12 , 26 , 234 , 376 , 65.30522656440735
12 , 31 , 234 , 368 , 79.21830868721008
12 , 25 , 234 , 366 , 68.70700168609619
17 , 30 , 234 , 364 , 70.40973806381226
17 , 22 , 234 , 369 , 70.05701231956482
17 , 24 , 234 , 376 , 67.9265809059143
17 , 31 , 234 , 362 , 72.1883852481842
17 , 26 , 234 , 370 , 68.65934157371521
22 , 28 , 234 , 359 , 74.27809453010559
22 , 21 , 234 , 357 , 74.79034399986267
22 , 30 , 234 , 353 , 74.389967918396
22 , 24 , 234 , 361 , 75.05215620994568
22 , 26 , 234 , 367 , 69.7541356086731
27 , 28 , 234 , 349 , 83.44442510604858
27 , 33 , 234 , 341 , 82.78901529312134
27 , 22 , 234 , 351 , 82.45136594772339
27 , 26 , 234 , 347 , 86.09837412834167
27 , 20 , 234 , 349 , 89.72209000587463
graphStuff\smallDots\mmu_filtering_dot\Pyruvate.dot
2 , 2 , 78 , 112 , 7.609222173690796
2 , 4 , 78 , 117 , 7.740129709243774
2 , 3 , 78 , 115 , 7.292123794555664
2 , 2 , 78 , 116 , 8.28397822380066
2 , 4 , 78 , 111 , 7.303191661834717
7 , 3 , 78 , 115 , 7.7388739585876465
7 , 6 , 78 , 114 , 8.098092555999756
7 , 8 , 78 , 108 , 8.534094333648682
7 , 6 , 78 , 106 , 8.64725661277771
7 , 2 , 78 , 108 , 8.250452041625977
12 , 3 , 78 , 108 , 9.173354864120483
12 , 4 , 78 , 109 , 9.001471519470215
12 , 7 , 78 , 104 , 9.25742244720459
12 , 2 , 78 , 107 , 8.563807487487793
12 , 2 , 78 , 106 , 9.053953886032104
17 , 3 , 78 , 98 , 10.3810715675354
17 , 1 , 78 , 103 , 9.315144538879395
17 , 5 , 78 , 100 , 9.67798924446106
17 , 3 , 78 , 96 , 9.953465700149536
17 , 3 , 78 , 99 , 10.89195704460144
C:\Users\marsh\Documents\GitHub\BachelorQUBOProject\graphStuff\smallDots\mmu_filtering_dot\Pyruvate.dot
22 , 0 , 78 , 92 , 6.107094764709473
22 , 0 , 78 , 92 , 6.2983293533325195
22 , 0 , 78 , 92 , 5.8292076587677
22 , 0 , 78 , 92 , 5.898855924606323
22 , 0 , 78 , 92 , 5.993718862533569