graphStuff\smallDots\hsa_filtering_dot\Citrate_cycle.dot
2 , 0 , 63 , 97 , 4.43841290473938
2 , 2 , 63 , 94 , 5.0727832317352295
2 , 3 , 63 , 98 , 4.440217018127441
2 , 1 , 63 , 95 , 4.63477897644043
2 , 3 , 63 , 96 , 4.769987106323242
7 , 3 , 63 , 87 , 4.790520668029785
7 , 3 , 63 , 92 , 5.3197340965271
7 , 6 , 63 , 89 , 5.467103719711304
7 , 9 , 63 , 85 , 5.726056337356567
7 , 10 , 63 , 90 , 5.447174310684204
12 , 4 , 63 , 79 , 5.976585149765015
12 , 7 , 63 , 77 , 5.458913564682007
12 , 5 , 63 , 79 , 5.722498655319214
12 , 5 , 63 , 80 , 5.520308494567871
12 , 4 , 63 , 81 , 6.13240909576416
17 , 2 , 63 , 73 , 6.074191570281982
17 , 2 , 63 , 74 , 6.662637233734131
17 , 2 , 63 , 72 , 6.107726573944092
17 , 2 , 63 , 73 , 6.053843975067139
17 , 2 , 63 , 73 , 6.091547012329102
graphStuff\smallDots\hsa_filtering_dot\Galactose.dot
2 , 0 , 69 , 102 , 5.351113319396973
2 , 11 , 69 , 103 , 5.328774690628052
2 , 0 , 69 , 100 , 5.321019887924194
2 , 1 , 69 , 102 , 5.523256301879883
2 , 13 , 69 , 103 , 5.509153604507446
7 , 12 , 69 , 101 , 6.8075549602508545
7 , 14 , 69 , 98 , 6.4264373779296875
7 , 12 , 69 , 97 , 6.617105960845947
7 , 12 , 69 , 100 , 6.4018754959106445
7 , 12 , 69 , 99 , 6.382250547409058
12 , 11 , 69 , 96 , 7.316944599151611
12 , 9 , 69 , 100 , 7.2810492515563965
12 , 7 , 69 , 95 , 7.446002960205078
12 , 13 , 69 , 88 , 8.320132493972778
12 , 10 , 69 , 99 , 7.426095962524414
17 , 8 , 69 , 87 , 7.898430109024048
17 , 6 , 69 , 83 , 8.633281469345093
17 , 8 , 69 , 83 , 7.959540128707886
17 , 8 , 69 , 85 , 7.848344564437866
17 , 8 , 69 , 85 , 7.831346273422241
22 , 3 , 69 , 81 , 9.09778118133545
22 , 3 , 69 , 91 , 8.578096866607666
22 , 3 , 69 , 83 , 8.499099493026733
22 , 3 , 69 , 81 , 8.859645128250122
22 , 3 , 69 , 83 , 9.059399127960205
graphStuff\smallDots\hsa_filtering_dot\Glycerolipid.dot
2 , 0 , 50 , 75 , 2.849355697631836
2 , 3 , 50 , 72 , 3.03651762008667
2 , 2 , 50 , 76 , 3.124359369277954
2 , 1 , 50 , 76 , 4.003543376922607
2 , 0 , 50 , 78 , 3.2569117546081543
7 , 5 , 50 , 66 , 3.815028429031372
7 , 5 , 50 , 63 , 3.4468696117401123
7 , 1 , 50 , 74 , 3.70080304145813
7 , 5 , 50 , 64 , 3.8004024028778076
7 , 4 , 50 , 61 , 4.56441855430603
12 , 1 , 50 , 58 , 3.9202492237091064
12 , 0 , 50 , 55 , 3.708775043487549
12 , 1 , 50 , 56 , 3.922720432281494
12 , 1 , 50 , 58 , 4.354114055633545
12 , 1 , 50 , 55 , 3.6153156757354736
graphStuff\smallDots\hsa_filtering_dot\Glycine_serine_threonine.dot
2 , 3 , 101 , 146 , 11.192180395126343
2 , 2 , 101 , 146 , 10.488330841064453
2 , 1 , 101 , 148 , 10.038366079330444
2 , 11 , 101 , 143 , 11.079976558685303
2 , 0 , 101 , 148 , 9.831829309463501
7 , 5 , 101 , 143 , 13.207805395126343
7 , 7 , 101 , 146 , 12.085915803909302
7 , 6 , 101 , 144 , 11.49757695198059
7 , 2 , 101 , 145 , 10.908209085464478
7 , 6 , 101 , 147 , 11.326728105545044
12 , 7 , 101 , 140 , 13.45946741104126
12 , 5 , 101 , 142 , 13.16274881362915
12 , 6 , 101 , 141 , 13.024157047271729
12 , 11 , 101 , 136 , 13.230214357376099
12 , 4 , 101 , 144 , 12.287198781967163
17 , 6 , 101 , 131 , 13.03544545173645
17 , 6 , 101 , 136 , 12.235517501831055
17 , 8 , 101 , 125 , 12.8297700881958
17 , 9 , 101 , 137 , 13.307744264602661
17 , 11 , 101 , 131 , 13.12752389907837
22 , 5 , 101 , 123 , 13.913251399993896
22 , 3 , 101 , 125 , 16.075968503952026
22 , 7 , 101 , 121 , 16.53017807006836
22 , 4 , 101 , 128 , 15.396760940551758
22 , 6 , 101 , 121 , 15.788991451263428
27 , 2 , 101 , 115 , 16.613224983215332
27 , 1 , 101 , 115 , 16.100388526916504
27 , 2 , 101 , 118 , 15.3335542678833
27 , 2 , 101 , 117 , 15.81426453590393
27 , 1 , 101 , 124 , 17.88482666015625
graphStuff\smallDots\hsa_filtering_dot\Pentose_phosphate.dot
2 , 2 , 67 , 102 , 7.752598524093628
2 , 3 , 67 , 101 , 7.603909492492676
2 , 2 , 67 , 99 , 6.3827643394470215
2 , 1 , 67 , 103 , 6.402333736419678
2 , 6 , 67 , 99 , 6.510746955871582
7 , 4 , 67 , 96 , 7.880274057388306
7 , 8 , 67 , 88 , 7.642574071884155
7 , 4 , 67 , 96 , 7.551572799682617
7 , 6 , 67 , 96 , 7.658581495285034
7 , 1 , 67 , 99 , 7.510069370269775
12 , 6 , 67 , 85 , 8.248828649520874
12 , 8 , 67 , 88 , 8.83032488822937
12 , 5 , 67 , 89 , 8.221229076385498
12 , 2 , 67 , 84 , 8.159758567810059
12 , 3 , 67 , 89 , 8.252848625183105
17 , 1 , 67 , 85 , 8.789875507354736
17 , 3 , 67 , 76 , 8.959457159042358
17 , 3 , 67 , 76 , 8.943925619125366
17 , 1 , 67 , 79 , 9.137944459915161
17 , 2 , 67 , 75 , 8.888858318328857
graphStuff\smallDots\hsa_filtering_dot\Purine.dot
2 , 10 , 228 , 375 , 55.50257611274719
2 , 10 , 228 , 376 , 57.623679399490356
2 , 0 , 228 , 376 , 57.70901703834534
2 , 0 , 228 , 375 , 58.1707763671875
2 , 3 , 228 , 374 , 56.674986839294434
7 , 23 , 228 , 371 , 61.91896104812622
7 , 24 , 228 , 370 , 63.094841957092285
7 , 12 , 228 , 369 , 60.641225814819336
7 , 3 , 228 , 370 , 64.78590273857117
7 , 26 , 228 , 370 , 57.66751003265381
12 , 17 , 228 , 368 , 60.78015375137329
12 , 19 , 228 , 360 , 64.70747923851013
12 , 17 , 228 , 368 , 61.3794801235199
12 , 17 , 228 , 366 , 61.9149911403656
12 , 24 , 228 , 364 , 63.81193542480469
17 , 21 , 228 , 357 , 66.424143075943
17 , 23 , 228 , 354 , 66.57122421264648
17 , 25 , 228 , 353 , 71.10530734062195
17 , 22 , 228 , 357 , 70.02607440948486
17 , 19 , 228 , 363 , 66.07092642784119
22 , 28 , 228 , 351 , 71.24501705169678
22 , 31 , 228 , 347 , 72.80781102180481
22 , 22 , 228 , 351 , 72.39470171928406
22 , 29 , 228 , 346 , 75.1527464389801
22 , 26 , 228 , 349 , 72.37252259254456
27 , 24 , 228 , 343 , 76.77899622917175
27 , 21 , 228 , 339 , 79.2754476070404
27 , 17 , 228 , 336 , 82.58306074142456
27 , 23 , 228 , 337 , 81.8527410030365
27 , 17 , 228 , 347 , 77.23896336555481
graphStuff\smallDots\hsa_filtering_dot\Pyruvate.dot
2 , 3 , 78 , 117 , 7.042281150817871
2 , 0 , 78 , 118 , 7.259521007537842
2 , 2 , 78 , 118 , 6.889218091964722
2 , 1 , 78 , 116 , 6.9723756313323975
2 , 0 , 78 , 118 , 6.752283096313477
7 , 4 , 78 , 107 , 8.395508050918579
7 , 3 , 78 , 112 , 7.806315898895264
7 , 10 , 78 , 107 , 8.493412017822266
7 , 6 , 78 , 109 , 8.287043333053589
7 , 7 , 78 , 112 , 8.56818962097168
12 , 5 , 78 , 105 , 8.93584132194519
12 , 2 , 78 , 104 , 9.607855558395386
12 , 6 , 78 , 104 , 9.229526042938232
12 , 8 , 78 , 100 , 9.21821641921997
12 , 8 , 78 , 99 , 9.68370771408081
17 , 3 , 78 , 94 , 10.003978252410889
17 , 2 , 78 , 97 , 9.700015306472778
17 , 4 , 78 , 97 , 9.662629127502441
17 , 5 , 78 , 97 , 9.710496425628662
17 , 4 , 78 , 98 , 9.73717737197876
