graphStuff\largeDots\mmu_filtering_dot\Biosynthesis of amino acids.dot
2 , 1 , 150 , 205 , 12.068269968032837
2 , 1 , 150 , 206 , 12.578230857849121
2 , 5 , 150 , 206 , 13.694954633712769
2 , 1 , 150 , 206 , 13.208469867706299
2 , 0 , 150 , 206 , 13.433976650238037
7 , 10 , 150 , 202 , 14.548114538192749
7 , 6 , 150 , 206 , 16.165550231933594
7 , 7 , 150 , 204 , 15.84910774230957
7 , 13 , 150 , 202 , 16.34694766998291
7 , 4 , 150 , 202 , 17.337260246276855
12 , 15 , 150 , 198 , 18.42828941345215
12 , 16 , 150 , 200 , 18.102526426315308
12 , 14 , 150 , 203 , 18.931842803955078
12 , 12 , 150 , 199 , 19.159667253494263
12 , 6 , 150 , 204 , 19.158294200897217
17 , 17 , 150 , 196 , 23.518088340759277
17 , 13 , 150 , 199 , 21.13982081413269
17 , 13 , 150 , 198 , 21.696919441223145
17 , 16 , 150 , 194 , 20.2454252243042
17 , 9 , 150 , 197 , 21.324870347976685
22 , 17 , 150 , 191 , 29.287192344665527
22 , 13 , 150 , 196 , 26.116437435150146
22 , 17 , 150 , 195 , 24.798721075057983
22 , 18 , 150 , 190 , 25.124362468719482
22 , 17 , 150 , 192 , 23.80300736427307
27 , 6 , 150 , 192 , 24.934664726257324
27 , 12 , 150 , 192 , 23.988271713256836
27 , 14 , 150 , 191 , 24.417544841766357
27 , 14 , 150 , 185 , 24.325071096420288
27 , 10 , 150 , 197 , 24.64164710044861
graphStuff\largeDots\mmu_filtering_dot\Biosynthesis of cofactors.dot
2 , 7 , 329 , 425 , 58.553972482681274
2 , 6 , 329 , 425 , 59.585371255874634
2 , 6 , 329 , 425 , 60.83392572402954
2 , 3 , 329 , 424 , 57.93838286399841
2 , 10 , 329 , 425 , 57.9838809967041
7 , 14 , 329 , 422 , 67.38171553611755
7 , 7 , 329 , 425 , 66.1440544128418
7 , 11 , 329 , 425 , 67.12587690353394
7 , 12 , 329 , 425 , 65.42145776748657
7 , 11 , 329 , 425 , 63.37739181518555
12 , 19 , 329 , 421 , 66.97825813293457
12 , 18 , 329 , 424 , 69.14259028434753
12 , 24 , 329 , 423 , 66.67477512359619
12 , 25 , 329 , 425 , 69.86352038383484
12 , 13 , 329 , 424 , 67.34344172477722
17 , 28 , 329 , 415 , 79.80680108070374
17 , 18 , 329 , 422 , 75.5659384727478
17 , 28 , 329 , 419 , 75.88401889801025
17 , 27 , 329 , 421 , 74.80550575256348
17 , 16 , 329 , 422 , 69.87809157371521
22 , 34 , 329 , 417 , 79.31003046035767
22 , 37 , 329 , 419 , 85.52294182777405
22 , 29 , 329 , 422 , 76.48873853683472
22 , 24 , 329 , 415 , 74.99188256263733
22 , 32 , 329 , 424 , 76.73703527450562
27 , 30 , 329 , 419 , 76.11982679367065
27 , 23 , 329 , 416 , 76.87356853485107
27 , 37 , 329 , 414 , 78.1848030090332
27 , 22 , 329 , 419 , 78.40329051017761
27 , 29 , 329 , 417 , 76.89929866790771
graphStuff\largeDots\mmu_filtering_dot\Carbon metabolism.dot
2 , 1 , 181 , 261 , 32.100202560424805
2 , 1 , 181 , 261 , 25.484664916992188
2 , 1 , 181 , 258 , 27.106934070587158
2 , 1 , 181 , 264 , 25.57282042503357
2 , 0 , 181 , 263 , 26.351890325546265
7 , 5 , 181 , 260 , 32.09778690338135
7 , 2 , 181 , 257 , 33.91963315010071
7 , 12 , 181 , 253 , 32.29027819633484
7 , 5 , 181 , 258 , 31.382290601730347
7 , 7 , 181 , 257 , 30.97432827949524
12 , 6 , 181 , 254 , 33.98586130142212
12 , 14 , 181 , 250 , 34.41548418998718
12 , 3 , 181 , 253 , 32.863853216171265
12 , 10 , 181 , 252 , 34.33771514892578
12 , 7 , 181 , 256 , 35.54375958442688
17 , 8 , 181 , 244 , 36.72588062286377
17 , 8 , 181 , 249 , 42.31882381439209
17 , 10 , 181 , 244 , 37.05675172805786
17 , 14 , 181 , 245 , 37.85148787498474
17 , 10 , 181 , 249 , 35.87759590148926
22 , 7 , 181 , 236 , 36.187169313430786
22 , 14 , 181 , 237 , 36.67832803726196
22 , 8 , 181 , 244 , 36.514740228652954
22 , 16 , 181 , 236 , 36.09304356575012
22 , 9 , 181 , 236 , 36.48333692550659
27 , 15 , 181 , 231 , 48.39002346992493
27 , 8 , 181 , 229 , 43.746153831481934
27 , 13 , 181 , 228 , 40.36048698425293
27 , 13 , 181 , 237 , 39.64546179771423
27 , 10 , 181 , 237 , 39.536540031433105
graphStuff\largeDots\mmu_filtering_dot\Nucleotide metabolism.dot
2 , 4 , 214 , 399 , 57.35020470619202
2 , 17 , 214 , 402 , 58.56708908081055
2 , 3 , 214 , 403 , 57.9530725479126
2 , 13 , 214 , 401 , 57.40838932991028
2 , 13 , 214 , 404 , 59.07193875312805
7 , 20 , 214 , 388 , 63.73408579826355
7 , 24 , 214 , 390 , 67.89375352859497
7 , 15 , 214 , 395 , 62.71842122077942
7 , 17 , 214 , 396 , 63.12757992744446
7 , 15 , 214 , 396 , 62.106131076812744
12 , 24 , 214 , 380 , 71.39844632148743
12 , 20 , 214 , 388 , 68.32955551147461
12 , 13 , 214 , 381 , 75.62376141548157
12 , 25 , 214 , 388 , 73.3952898979187
12 , 25 , 214 , 382 , 74.19060778617859
17 , 18 , 214 , 379 , 81.3788366317749
17 , 22 , 214 , 372 , 80.53882002830505
17 , 24 , 214 , 375 , 77.90203523635864
17 , 24 , 214 , 371 , 83.05054640769958
17 , 27 , 214 , 365 , 88.03116917610168
22 , 25 , 214 , 352 , 88.65325713157654
22 , 31 , 214 , 355 , 90.12682938575745
22 , 16 , 214 , 361 , 104.15724039077759
22 , 18 , 214 , 370 , 95.99500155448914
22 , 25 , 214 , 365 , 100.78046154975891
27 , 20 , 214 , 340 , 95.94043350219727
27 , 18 , 214 , 363 , 93.3133749961853
27 , 19 , 214 , 355 , 89.55777645111084
27 , 24 , 214 , 341 , 92.82164406776428
27 , 23 , 214 , 353 , 90.48450779914856
graphStuff\largeDots\mmu_filtering_dot\Purine.dot
2 , 2 , 234 , 386 , 61.53118848800659
2 , 0 , 234 , 386 , 59.16659379005432
2 , 2 , 234 , 386 , 57.63646984100342
2 , 11 , 234 , 385 , 59.539093017578125
2 , 11 , 234 , 385 , 63.55760955810547
7 , 16 , 234 , 372 , 74.84948182106018
7 , 19 , 234 , 382 , 67.25200295448303
7 , 14 , 234 , 375 , 66.83656525611877
7 , 15 , 234 , 381 , 67.54647183418274
7 , 21 , 234 , 379 , 68.39573168754578
12 , 22 , 234 , 367 , 82.74500250816345
12 , 23 , 234 , 368 , 74.46297717094421
12 , 25 , 234 , 371 , 79.26922869682312
12 , 25 , 234 , 376 , 77.75369119644165
12 , 25 , 234 , 374 , 75.82314658164978
17 , 24 , 234 , 367 , 84.13778471946716
17 , 20 , 234 , 370 , 92.15730118751526
17 , 26 , 234 , 348 , 88.388108253479
17 , 21 , 234 , 367 , 70.77763843536377
17 , 24 , 234 , 366 , 77.2016818523407
22 , 14 , 234 , 362 , 86.45834946632385
22 , 36 , 234 , 354 , 83.29963731765747
22 , 23 , 234 , 362 , 80.23484778404236
22 , 25 , 234 , 351 , 211.87389469146729
22 , 15 , 234 , 363 , 249.9800579547882
27 , 26 , 234 , 351 , 237.0244755744934
27 , 20 , 234 , 359 , 280.24664282798767
27 , 22 , 234 , 352 , 148.5566909313202
27 , 19 , 234 , 353 , 146.14738845825195
27 , 18 , 234 , 358 , 149.20365571975708
