graphStuff\smallDots\eco_filtering_dot\Citrate_cycle.dot2 , 4 , 60 , None , 3.6022181510925293
2 , 5 , 60 , None , 3.612529754638672
2 , 2 , 60 , None , 3.550187349319458
2 , 2 , 60 , None , 3.6122732162475586
2 , 3 , 60 , None , 3.599275827407837
7 , 3 , 60 , None , 4.005327939987183
7 , 8 , 60 , None , 4.5659403800964355
7 , 7 , 60 , None , 4.2826879024505615
7 , 4 , 60 , None , 4.158574819564819
7 , 10 , 60 , None , 4.437358140945435
12 , 8 , 60 , None , 4.7525482177734375
12 , 5 , 60 , None , 4.747416257858276
12 , 8 , 60 , None , 4.66461443901062
12 , 5 , 60 , None , 4.657896518707275
12 , 4 , 60 , None , 4.8484954833984375
17 , 3 , 60 , None , 5.012044191360474
17 , 3 , 60 , None , 4.9898529052734375
17 , 3 , 60 , None , 5.541539192199707
17 , 3 , 60 , None , 5.234455585479736
17 , 3 , 60 , None , 5.096914291381836
graphStuff\smallDots\eco_filtering_dot\Galactose.dot2 , 3 , 90 , None , 8.010129451751709
2 , 14 , 90 , None , 8.381264686584473
2 , 1 , 90 , None , 8.358080387115479
2 , 2 , 90 , None , 8.430365800857544
2 , 11 , 90 , None , 8.685136079788208
7 , 14 , 90 , None , 9.460226774215698
7 , 13 , 90 , None , 10.197537660598755
7 , 14 , 90 , None , 10.436759948730469
7 , 10 , 90 , None , 10.062257289886475
7 , 13 , 90 , None , 10.1714768409729
12 , 12 , 90 , None , 11.333593130111694
12 , 13 , 90 , None , 11.071403503417969
12 , 13 , 90 , None , 11.668874263763428
12 , 11 , 90 , None , 12.328605890274048
12 , 10 , 90 , None , 11.586353778839111
17 , 8 , 90 , None , 12.928754806518555
17 , 8 , 90 , None , 13.879412174224854
17 , 13 , 90 , None , 13.249188423156738
17 , 10 , 90 , None , 12.807901620864868
17 , 9 , 90 , None , 12.520369291305542
22 , 8 , 90 , None , 13.285370111465454
22 , 7 , 90 , None , 16.5750675201416
22 , 5 , 90 , None , 16.17559003829956
22 , 7 , 90 , None , 13.477311849594116
22 , 9 , 90 , None , 13.031565189361572
27 , 4 , 90 , None , 13.813952684402466
27 , 4 , 90 , None , 14.144428491592407
27 , 4 , 90 , None , 13.229144096374512
27 , 4 , 90 , None , 13.926113367080688
27 , 4 , 90 , None , 13.389689683914185
graphStuff\smallDots\eco_filtering_dot\Glycerolipid.dot2 , 0 , 35 , None , 1.3598220348358154
2 , 0 , 35 , None , 1.2735257148742676
2 , 1 , 35 , None , 1.4696922302246094
2 , 0 , 35 , None , 1.506098747253418
2 , 5 , 35 , None , 1.6199147701263428
7 , 2 , 35 , None , 1.8150224685668945
7 , 2 , 35 , None , 1.4748992919921875
7 , 3 , 35 , None , 1.4397780895233154
7 , 0 , 35 , None , 1.489814043045044
7 , 2 , 35 , None , 1.3902032375335693
graphStuff\smallDots\eco_filtering_dot\Glycine_serine_threonine.dot2 , 1 , 93 , None , 7.4807288646698
2 , 3 , 93 , None , 7.486478567123413
2 , 5 , 93 , None , 7.473770618438721
2 , 0 , 93 , None , 7.346219539642334
2 , 1 , 93 , None , 7.514879465103149
7 , 13 , 93 , None , 9.097790241241455
7 , 7 , 93 , None , 8.39554762840271
7 , 4 , 93 , None , 8.934412479400635
7 , 7 , 93 , None , 8.35333800315857
7 , 6 , 93 , None , 8.862979888916016
12 , 8 , 93 , None , 9.995868444442749
12 , 7 , 93 , None , 9.79768705368042
12 , 5 , 93 , None , 9.945517301559448
12 , 11 , 93 , None , 9.80129098892212
12 , 7 , 93 , None , 9.708027839660645
17 , 5 , 93 , None , 10.274173974990845
17 , 8 , 93 , None , 11.168098211288452
17 , 5 , 93 , None , 10.380043506622314
17 , 9 , 93 , None , 10.539214611053467
17 , 8 , 93 , None , 2233.876616001129
22 , 5 , 93 , None , 13.235095500946045
22 , 6 , 93 , None , 11.796999454498291
22 , 4 , 93 , None , 11.67698860168457
22 , 7 , 93 , None , 11.106005430221558
22 , 4 , 93 , None , 12.490996599197388
27 , 2 , 93 , None , 11.731990575790405
27 , 2 , 93 , None , 11.613006114959717
27 , 2 , 93 , None , 12.41615080833435
27 , 1 , 93 , None , 11.179079294204712
27 , 2 , 93 , None , 11.863914012908936
graphStuff\smallDots\eco_filtering_dot\Pentose_phosphate.dot2 , 5 , 80 , None , 8.10016679763794
2 , 3 , 80 , None , 8.415977716445923
2 , 0 , 80 , None , 8.854084491729736
2 , 3 , 80 , None , 8.131909370422363
2 , 0 , 80 , None , 8.869001150131226
7 , 7 , 80 , None , 10.22801661491394
7 , 3 , 80 , None , 10.353055953979492
7 , 3 , 80 , None , 10.380916595458984
7 , 7 , 80 , None , 9.214980602264404
7 , 4 , 80 , None , 10.087036609649658
12 , 6 , 80 , None , 11.083998203277588
12 , 8 , 80 , None , 10.92199969291687
12 , 6 , 80 , None , 10.303102254867554
12 , 4 , 80 , None , 10.075919151306152
12 , 6 , 80 , None , 10.562087774276733
17 , 4 , 80 , None , 12.150005578994751
17 , 4 , 80 , None , 12.052179336547852
17 , 6 , 80 , None , 12.029010772705078
17 , 5 , 80 , None , 11.218987464904785
17 , 4 , 80 , None , 11.32492184638977
22 , 1 , 80 , None , 12.736079692840576
22 , 1 , 80 , None , 12.074919939041138
22 , 1 , 80 , None , 12.357074499130249
22 , 1 , 80 , None , 11.979015350341797
22 , 1 , 80 , None , 12.819000720977783
graphStuff\smallDots\eco_filtering_dot\Polyketide.dot2 , 2 , 12 , None , 0.21109604835510254
2 , 2 , 12 , None , 0.1519019603729248
2 , 2 , 12 , None , 0.16900229454040527
2 , 2 , 12 , None , 0.3859982490539551
2 , 2 , 12 , None , 0.18000030517578125
graphStuff\smallDots\eco_filtering_dot\Purine.dot2 , 12 , 224 , None , 51.10963821411133
2 , 11 , 224 , None , 52.072946548461914
2 , 11 , 224 , None , 50.57987427711487
2 , 14 , 224 , None , 51.397746324539185
