9 0 0 0 0 0 0 0 -16 0 0 0 0 0 0
0 17 0 0 0 0 0 0 -16 -16 0 0 0 0 0
0 0 17 0 0 0 0 0 0 -16 -16 0 0 0 0
0 0 0 17 0 0 0 0 0 0 -16 -16 0 0 0
0 0 0 0 17 0 0 0 0 0 0 -16 -16 0 0
0 0 0 0 0 17 0 0 0 0 0 0 -16 -16 0
0 0 0 0 0 0 17 0 0 0 0 0 0 -16 -16
0 0 0 0 0 0 0 0 0 0 0 0 0 0 -16
0 0 0 0 0 0 0 0 16 0 0 0 0 0 0
0 0 0 0 0 0 0 0 0 16 0 0 0 0 0
0 0 0 0 0 0 0 0 0 0 16 0 0 0 0
0 0 0 0 0 0 0 0 0 0 0 16 0 0 0
0 0 0 0 0 0 0 0 0 0 0 0 16 0 0
0 0 0 0 0 0 0 0 0 0 0 0 0 16 0
0 0 0 0 0 0 0 0 0 0 0 0 0 0 16


4*((1 - x_4) + (1 - x_3 - y_r1 + 2 * x_3 * y_r1) + (x_4 + x_3 - 2 * x_4 * x_3) + (((1 - x_1) * (1 - x_2) - 2 * (1 - x_1) * y_r1 - 2 * (1 - x_2) * y_r1 + 3 * y_r1)))